00000000
00000000
00000000
00000000
00000000
00000000
00000000
00000000
00000000
00000000
00000000
00000000
00000000
00000000
00000000
00000000
00000004
00000000
00000000
00000000
00000000
00000000
00000006
00000000
00000000
00000000
00000000
00000000
00000002
00000000
00000000
00000000
00000000
00000000
00000002
00000000
00000000
00000000
00000008
00000000
00000000
00000000
00000000
00000000
00000000
00000000
00000000
00000000
00000000
00000000
00000000
00000000
00000000
00000000
00000000
00000000
00000000
00000000
00000000
00000000
00000000
00000000
00000000
00000000
00000000
00000000
00000000
00000000
00000000
00000000
00000000
00000000
00000000
00000000
00000000
00000000
00000006
00000000
00000000
00000000
00000002
00000000
00000005
00000000
00000001
00000000
00000000
00000000
00000000
00000000
00000000
00000000
00000003
00000000
00000000
00000000
00000004
00000000
00000004
00000000
00000000
00000000
00000000
00000000
00000000
00000000
00000000
00000000
00000000
00000000
00000000
00000000
00000000
00000000
00000000
00000000
00000000
00000000
00000000
00000000
00000000
00000000
00000000
00000000
00000000
00000000
00000000
00000000
00000007
00000000
00000001
00000000
00000000
00000000
00000003
00000000
00000001
00000000
00000000
00000000
00000000
00000000
00000003
00000000
00000000
00000000
00000000
00000000
00000001
00000000
00000000
00000000
00000000
00000000
00000000
00000000
00000000
00000000
00000000
00000000
00000000
00000000
00000000
00000000
00000000
00000000
00000000
00000000
00000000
00000000
00000000
00000000
00000000
00000000
00000000
00000000
00000000
00000000
00000000
00000000
00000000
00000000
00000000
00000000
00000000
00000000
00000004
00000000
00000000
00000000
00000006
00000000
00000000
00000000
00000000
00000000
00000005
00000000
00000000
00000000
00000003
00000000
00000000
00000000
00000000
00000000
00000006
00000000
00000004
00000000
00000000
00000000
00000004
00000000
00000002
00000000
00000000
00000000
00000000
00000000
00000000
00000000
00000000
00000000
00000000
00000000
00000000
00000000
00000000
00000000
00000000
00000000
00000000
00000000
00000000
00000000
00000000
00000000
00000000
00000000
00000000
00000000
00000000
00000000
00000004
00000000
00000000
00000000
00000000
00000000
00000001
00000000
00000005
00000000
00000001
00000000
00000000
00000000
00000000
00000000
00000007
00000000
00000000
00000000
00000000
00000000
00000004
00000000
00000000
00000000
00000000
00000000
00000000
00000000
00000000
00000000
00000000
00000000
00000000
00000000
00000000
00000000
00000000
00000000
00000000
00000000
00000000
00000000
00000000
00000000
00000000
00000000
00000000
00000000
00000000
00000000
00000003
00000000
00000002
00000000
00000000
00000000
00000007
00000000
00000000
00000000
00000003
00000000
00000000
00000000
0000007f
00000000
0000007d
00000000
0000007f
00000000
0000007b
00000000
00000000
00000000
00000008
00000000
00000000
00000000
00000000
00000000
00000011
00000000
00000000
00000000
00000000
00000000
00000000
00000000
00000000
00000000
00000000
00000000
00000000
00000000
00000000
00000000
00000000
00000000
00000000
00000000
00000000
00000000
00000000
00000000
00000000
00000000
00000001
00000000
00000000
00000000
00000000
00000000
00000006
00000000
00000000
00000000
00000078
00000000
0000007f
00000000
0000007d
00000000
0000007f
00000000
0000007d
00000000
0000007f
00000000
0000006d
00000000
00000003
00000000
00000002
00000000
00000000
00000000
00000000
00000000
00000000
00000000
00000000
00000000
00000000
00000000
00000000
00000000
00000000
00000000
00000000
00000000
00000000
00000000
00000000
00000000
00000000
00000000
00000000
00000000
00000000
00000000
00000000
00000000
00000000
00000000
00000003
00000000
00000000
00000000
00000026
00000000
0000007d
00000000
0000007f
00000000
0000007c
00000000
0000007f
00000000
0000007b
00000000
0000007f
00000000
0000007f
00000000
0000007f
00000000
0000007c
00000000
00000000
00000000
00000000
00000000
00000004
00000000
00000000
00000000
00000000
00000000
00000000
00000000
00000000
00000000
00000001
00000000
00000000
00000000
00000007
00000000
00000002
00000000
00000000
00000000
00000002
00000000
00000003
00000000
00000000
00000000
00000000
00000000
00000003
00000000
00000035
00000000
0000007d
00000000
0000007a
00000000
0000007f
00000000
0000007f
00000000
0000007f
00000000
0000007f
00000000
0000007b
00000000
0000007f
00000000
0000007f
00000000
0000007d
00000000
0000007d
00000000
00000000
00000000
00000003
00000000
00000000
00000000
00000000
00000000
00000000
00000000
00000000
00000000
00000000
00000000
00000005
00000000
00000000
00000000
00000000
00000000
00000004
00000000
00000000
00000000
00000000
00000000
00000005
00000000
00000003
00000000
00000002
00000000
00000077
00000000
0000007f
00000000
0000007f
00000000
0000007c
00000000
0000007f
00000000
00000073
00000000
0000007f
00000000
0000007f
00000000
00000076
00000000
0000007f
00000000
0000007f
00000000
0000007f
00000000
00000000
00000000
00000004
00000000
00000000
00000000
00000000
00000000
00000000
00000000
00000000
00000000
00000005
00000000
00000000
00000000
00000000
00000000
00000000
00000000
00000000
00000000
00000007
00000000
00000003
00000000
00000000
00000000
00000000
00000000
0000007f
00000000
0000007a
00000000
0000007f
00000000
0000007f
00000000
0000007d
00000000
00000078
00000000
0000007f
00000000
00000078
00000000
0000007f
00000000
00000079
00000000
0000007f
00000000
0000007d
00000000
0000007e
00000000
00000010
00000000
00000000
00000000
00000000
00000000
00000000
00000000
00000000
00000000
00000000
00000000
00000000
00000000
00000003
00000000
00000000
00000000
00000003
00000000
00000006
00000000
00000000
00000000
00000000
00000000
00000007
00000000
00000000
00000000
0000007d
00000000
0000007f
00000000
0000007f
00000000
0000007a
00000000
0000007f
00000000
0000007f
00000000
00000077
00000000
0000007f
00000000
0000007f
00000000
0000007f
00000000
0000007d
00000000
0000007f
00000000
0000007f
00000000
00000077
00000000
00000000
00000000
00000000
00000000
00000000
00000000
00000000
00000000
00000000
00000000
00000000
00000000
00000003
00000000
00000000
00000000
00000006
00000000
00000000
00000000
00000000
00000000
0000000b
00000000
00000000
00000000
00000005
00000000
00000074
00000000
0000007f
00000000
0000007c
00000000
0000007f
00000000
00000078
00000000
0000007f
00000000
0000007d
00000000
0000007f
00000000
00000076
00000000
00000007
00000000
00000062
00000000
0000007f
00000000
0000007f
00000000
0000007f
00000000
00000035
00000000
00000000
00000000
00000000
00000000
00000000
00000000
00000000
00000000
00000008
00000000
00000000
00000000
00000004
00000000
00000000
00000000
00000000
00000000
00000007
00000000
00000001
00000000
00000018
00000000
0000007e
00000000
0000007f
00000000
0000007e
00000000
0000007c
00000000
00000051
00000000
00000075
00000000
0000007f
00000000
0000007f
00000000
0000007b
00000000
00000004
00000000
00000001
00000000
00000046
00000000
0000007d
00000000
0000007f
00000000
0000007e
00000000
00000035
00000000
00000000
00000000
00000000
00000000
00000000
00000000
00000000
00000000
00000000
00000000
00000000
00000000
00000006
00000000
00000000
00000000
0000000e
00000000
00000000
00000000
00000000
00000000
0000007c
00000000
0000007c
00000000
0000007f
00000000
0000007f
00000000
0000004b
00000000
00000007
00000000
00000000
00000000
00000042
00000000
0000003a
00000000
00000002
00000000
00000001
00000000
00000000
00000000
00000044
00000000
0000007f
00000000
00000078
00000000
0000007f
00000000
00000001
00000000
00000000
00000000
00000000
00000000
00000000
00000000
00000000
00000000
00000000
00000000
00000007
00000000
00000000
00000000
00000006
00000000
00000000
00000000
00000003
00000000
0000005f
00000000
0000007f
00000000
0000007d
00000000
0000007f
00000000
0000007d
00000000
00000004
00000000
00000002
00000000
00000000
00000000
00000000
00000000
00000000
00000000
00000000
00000000
00000002
00000000
00000000
00000000
00000040
00000000
0000007f
00000000
0000007b
00000000
0000007f
00000000
0000003c
00000000
00000000
00000000
00000000
00000000
00000000
00000000
00000000
00000000
00000000
00000000
00000000
00000000
00000005
00000000
00000001
00000000
00000000
00000000
00000053
00000000
0000007d
00000000
0000007f
00000000
0000007f
00000000
0000007f
00000000
0000007f
00000000
0000007e
00000000
00000001
00000000
00000001
00000000
00000005
00000000
00000000
00000000
00000000
00000000
00000000
00000000
00000002
00000000
00000042
00000000
0000007f
00000000
0000007d
00000000
0000007f
00000000
0000003d
00000000
00000000
00000000
00000000
00000000
00000000
00000000
00000000
00000000
00000004
00000000
00000006
00000000
00000000
00000000
00000000
00000000
00000031
00000000
0000007e
00000000
0000007f
00000000
0000007e
00000000
0000007f
00000000
00000077
00000000
0000007f
00000000
0000007f
00000000
00000079
00000000
00000000
00000000
00000000
00000000
00000003
00000000
00000002
00000000
00000001
00000000
00000000
00000000
0000007d
00000000
0000007a
00000000
0000007f
00000000
0000007d
00000000
00000000
00000000
00000000
00000000
00000000
00000000
00000000
00000000
00000000
00000000
00000000
00000000
00000005
00000000
00000000
00000000
00000001
00000000
00000041
00000000
0000007f
00000000
0000007c
00000000
0000007f
00000000
0000007f
00000000
0000000c
00000000
0000007f
00000000
0000007a
00000000
0000007f
00000000
00000012
00000000
00000000
00000000
00000005
00000000
00000001
00000000
00000074
00000000
0000007f
00000000
0000007f
00000000
0000007f
00000000
0000007f
00000000
00000000
00000000
00000004
00000000
00000000
00000000
00000000
00000000
00000000
00000000
00000000
00000000
00000003
00000000
00000000
00000000
00000000
00000000
00000003
00000000
00000040
00000000
0000007e
00000000
0000007f
00000000
0000007d
00000000
00000000
00000000
00000003
00000000
00000000
00000000
00000003
00000000
00000000
00000000
00000000
00000000
00000000
00000000
00000001
00000000
00000000
00000000
0000007f
00000000
00000079
00000000
0000007f
00000000
00000079
00000000
0000000a
00000000
00000000
00000000
00000000
00000000
00000000
00000000
00000000
00000000
00000000
00000000
00000000
00000000
00000003
00000000
00000000
00000000
00000000
00000000
00000003
00000000
00000040
00000000
0000007e
00000000
0000007f
00000000
0000007d
00000000
00000000
00000000
00000002
00000000
00000000
00000000
00000000
00000000
00000008
00000000
00000000
00000000
00000007
00000000
0000007e
00000000
0000007f
00000000
0000007d
00000000
0000007f
00000000
00000000
00000000
00000000
00000000
00000000
00000000
00000004
00000000
00000000
00000000
00000000
00000000
00000000
00000000
00000000
00000000
00000000
00000000
00000000
00000000
00000005
00000000
00000000
00000000
00000001
00000000
00000041
00000000
0000007f
00000000
0000007c
00000000
0000007f
00000000
0000007f
00000000
00000000
00000000
00000007
00000000
00000000
00000000
00000000
00000000
00000004
00000000
00000075
00000000
0000007e
00000000
0000007b
00000000
0000007c
00000000
0000007d
00000000
00000000
00000000
00000000
00000000
00000003
00000000
00000005
00000000
00000000
00000000
00000000
00000000
00000000
00000000
00000000
00000000
00000000
00000000
00000004
00000000
00000006
00000000
00000000
00000000
00000000
00000000
00000031
00000000
0000007e
00000000
0000007f
00000000
0000007e
00000000
0000007d
00000000
0000007f
00000000
0000007c
00000000
0000007e
00000000
0000007f
00000000
0000007b
00000000
0000007f
00000000
0000007f
00000000
0000007f
00000000
00000002
00000000
00000000
00000000
00000000
00000000
00000000
00000000
00000000
00000000
00000000
00000000
00000002
00000000
00000000
00000000
00000000
00000000
00000000
00000000
00000000
00000000
00000000
00000000
00000000
00000000
00000005
00000000
00000001
00000000
00000000
00000000
00000053
00000000
0000007d
00000000
0000007f
00000000
0000007f
00000000
0000007a
00000000
0000007f
00000000
00000077
00000000
0000007f
00000000
0000007f
00000000
00000079
00000000
00000076
00000000
00000000
00000000
00000008
00000000
00000000
00000000
00000000
00000000
00000009
00000000
00000000
00000000
00000000
00000000
00000001
00000000
00000000
00000000
00000000
00000000
00000000
00000000
00000000
00000000
00000003
00000000
00000000
00000000
00000003
00000000
00000000
00000000
00000004
00000000
00000000
00000000
0000000e
00000000
0000007c
00000000
0000007f
00000000
0000007f
00000000
0000007d
00000000
0000007d
00000000
0000007f
00000000
0000007a
00000000
00000040
00000000
00000001
00000000
00000000
00000000
00000000
00000000
00000000
00000000
00000000
00000000
00000000
00000000
00000000
00000000
00000000
00000000
00000000
00000000
00000000
00000000
00000000
00000000
00000000
00000000
00000000
00000000
00000000
00000000
00000000
00000000
00000008
00000000
00000000
00000000
00000000
00000000
00000004
00000000
00000000
00000000
00000009
00000000
00000000
00000000
00000003
00000000
00000001
00000000
00000000
00000000
00000000
00000000
00000005
00000000
00000002
00000000
00000000
00000000
00000000
00000000
00000000
00000000
00000000
00000000
00000000
00000000
00000000
00000000
00000000
00000000
00000000
00000000
00000000
00000000
00000000
00000000
00000000
00000000
00000000
00000000
00000000
00000000
00000004
00000000
00000000
00000000
00000001
00000000
00000000
00000000
00000000
00000000
00000004
00000000
00000001
00000000
00000000
00000000
00000000
00000000
00000000
00000000
00000001
00000000
00000002
00000000
00000000
00000000
00000000
00000000
00000000
00000000
00000005
00000000
00000000
00000000
00000000
00000000
00000000
00000000
00000000
00000000
00000000
00000000
00000000
00000000
00000000
00000000
00000000
00000000
00000000
00000000
00000000
00000000
00000000
00000000
00000000
00000000
00000003
00000000
00000000
00000000
00000000
00000000
00000009
00000000
00000001
00000000
00000000
00000000
00000002
00000000
00000003
00000000
00000004
00000000
00000000
00000000
00000000
00000000
00000002
00000000
00000002
00000000
00000000
00000000
00000000
00000000
00000000
00000000
00000000
00000000
00000000
00000000
00000000
00000000
00000000
00000000
00000000
00000000
00000000
00000000
00000000
00000000
00000000
00000000
00000000
00000000
00000000
00000000
00000000
00000000
00000000
00000000
