0000000000000000
0000000000000000
0000000000000000
0000000000000000
0000000000000000
0000000000000000
0000000000000000
0000000000000000
0000000000000004
0000000000000000
0000000000000000
0000000000000006
0000000000000000
0000000000000000
0000000000000002
0000000000000000
0000000000000000
0000000000000002
0000000000000000
0000000000000008
0000000000000000
0000000000000000
0000000000000000
0000000000000000
0000000000000000
0000000000000000
0000000000000000
0000000000000000
0000000000000000
0000000000000000
0000000000000000
0000000000000000
0000000000000000
0000000000000000
0000000000000000
0000000000000000
0000000000000000
0000000000000000
0000000000000006
0000000000000000
0000000000000002
0000000000000005
0000000000000001
0000000000000000
0000000000000000
0000000000000000
0000000000000003
0000000000000000
0000000000000004
0000000000000004
0000000000000000
0000000000000000
0000000000000000
0000000000000000
0000000000000000
0000000000000000
0000000000000000
0000000000000000
0000000000000000
0000000000000000
0000000000000000
0000000000000000
0000000000000000
0000000000000000
0000000000000007
0000000000000001
0000000000000000
0000000000000003
0000000000000001
0000000000000000
0000000000000000
0000000000000003
0000000000000000
0000000000000000
0000000000000001
0000000000000000
0000000000000000
0000000000000000
0000000000000000
0000000000000000
0000000000000000
0000000000000000
0000000000000000
0000000000000000
0000000000000000
0000000000000000
0000000000000000
0000000000000000
0000000000000000
0000000000000000
0000000000000000
0000000000000000
0000000000000000
0000000000000004
0000000000000000
0000000000000006
0000000000000000
0000000000000000
0000000000000005
0000000000000000
0000000000000003
0000000000000000
0000000000000000
0000000000000006
0000000000000004
0000000000000000
0000000000000004
0000000000000002
0000000000000000
0000000000000000
0000000000000000
0000000000000000
0000000000000000
0000000000000000
0000000000000000
0000000000000000
0000000000000000
0000000000000000
0000000000000000
0000000000000000
0000000000000000
0000000000000000
0000000000000004
0000000000000000
0000000000000000
0000000000000001
0000000000000005
0000000000000001
0000000000000000
0000000000000000
0000000000000007
0000000000000000
0000000000000000
0000000000000004
0000000000000000
0000000000000000
0000000000000000
0000000000000000
0000000000000000
0000000000000000
0000000000000000
0000000000000000
0000000000000000
0000000000000000
0000000000000000
0000000000000000
0000000000000000
0000000000000000
0000000000000003
0000000000000002
0000000000000000
0000000000000007
0000000000000000
0000000000000003
0000000000000000
000000000000007f
000000000000007d
000000000000007f
000000000000007b
0000000000000000
0000000000000008
0000000000000000
0000000000000000
0000000000000011
0000000000000000
0000000000000000
0000000000000000
0000000000000000
0000000000000000
0000000000000000
0000000000000000
0000000000000000
0000000000000000
0000000000000000
0000000000000000
0000000000000000
0000000000000001
0000000000000000
0000000000000000
0000000000000006
0000000000000000
0000000000000078
000000000000007f
000000000000007d
000000000000007f
000000000000007d
000000000000007f
000000000000006d
0000000000000003
0000000000000002
0000000000000000
0000000000000000
0000000000000000
0000000000000000
0000000000000000
0000000000000000
0000000000000000
0000000000000000
0000000000000000
0000000000000000
0000000000000000
0000000000000000
0000000000000000
0000000000000000
0000000000000000
0000000000000003
0000000000000000
0000000000000026
000000000000007d
000000000000007f
000000000000007c
000000000000007f
000000000000007b
000000000000007f
000000000000007f
000000000000007f
000000000000007c
0000000000000000
0000000000000000
0000000000000004
0000000000000000
0000000000000000
0000000000000000
0000000000000000
0000000000000001
0000000000000000
0000000000000007
0000000000000002
0000000000000000
0000000000000002
0000000000000003
0000000000000000
0000000000000000
0000000000000003
0000000000000035
000000000000007d
000000000000007a
000000000000007f
000000000000007f
000000000000007f
000000000000007f
000000000000007b
000000000000007f
000000000000007f
000000000000007d
000000000000007d
0000000000000000
0000000000000003
0000000000000000
0000000000000000
0000000000000000
0000000000000000
0000000000000000
0000000000000005
0000000000000000
0000000000000000
0000000000000004
0000000000000000
0000000000000000
0000000000000005
0000000000000003
0000000000000002
0000000000000077
000000000000007f
000000000000007f
000000000000007c
000000000000007f
0000000000000073
000000000000007f
000000000000007f
0000000000000076
000000000000007f
000000000000007f
000000000000007f
0000000000000000
0000000000000004
0000000000000000
0000000000000000
0000000000000000
0000000000000000
0000000000000005
0000000000000000
0000000000000000
0000000000000000
0000000000000000
0000000000000007
0000000000000003
0000000000000000
0000000000000000
000000000000007f
000000000000007a
000000000000007f
000000000000007f
000000000000007d
0000000000000078
000000000000007f
0000000000000078
000000000000007f
0000000000000079
000000000000007f
000000000000007d
000000000000007e
0000000000000010
0000000000000000
0000000000000000
0000000000000000
0000000000000000
0000000000000000
0000000000000000
0000000000000003
0000000000000000
0000000000000003
0000000000000006
0000000000000000
0000000000000000
0000000000000007
0000000000000000
000000000000007d
000000000000007f
000000000000007f
000000000000007a
000000000000007f
000000000000007f
0000000000000077
000000000000007f
000000000000007f
000000000000007f
000000000000007d
000000000000007f
000000000000007f
0000000000000077
0000000000000000
0000000000000000
0000000000000000
0000000000000000
0000000000000000
0000000000000000
0000000000000003
0000000000000000
0000000000000006
0000000000000000
0000000000000000
000000000000000b
0000000000000000
0000000000000005
0000000000000074
000000000000007f
000000000000007c
000000000000007f
0000000000000078
000000000000007f
000000000000007d
000000000000007f
0000000000000076
0000000000000007
0000000000000062
000000000000007f
000000000000007f
000000000000007f
0000000000000035
0000000000000000
0000000000000000
0000000000000000
0000000000000000
0000000000000008
0000000000000000
0000000000000004
0000000000000000
0000000000000000
0000000000000007
0000000000000001
0000000000000018
000000000000007e
000000000000007f
000000000000007e
000000000000007c
0000000000000051
0000000000000075
000000000000007f
000000000000007f
000000000000007b
0000000000000004
0000000000000001
0000000000000046
000000000000007d
000000000000007f
000000000000007e
0000000000000035
0000000000000000
0000000000000000
0000000000000000
0000000000000000
0000000000000000
0000000000000000
0000000000000006
0000000000000000
000000000000000e
0000000000000000
0000000000000000
000000000000007c
000000000000007c
000000000000007f
000000000000007f
000000000000004b
0000000000000007
0000000000000000
0000000000000042
000000000000003a
0000000000000002
0000000000000001
0000000000000000
0000000000000044
000000000000007f
0000000000000078
000000000000007f
0000000000000001
0000000000000000
0000000000000000
0000000000000000
0000000000000000
0000000000000000
0000000000000007
0000000000000000
0000000000000006
0000000000000000
0000000000000003
000000000000005f
000000000000007f
000000000000007d
000000000000007f
000000000000007d
0000000000000004
0000000000000002
0000000000000000
0000000000000000
0000000000000000
0000000000000000
0000000000000002
0000000000000000
0000000000000040
000000000000007f
000000000000007b
000000000000007f
000000000000003c
0000000000000000
0000000000000000
0000000000000000
0000000000000000
0000000000000000
0000000000000000
0000000000000005
0000000000000001
0000000000000000
0000000000000053
000000000000007d
000000000000007f
000000000000007f
000000000000007f
000000000000007f
000000000000007e
0000000000000001
0000000000000001
0000000000000005
0000000000000000
0000000000000000
0000000000000000
0000000000000002
0000000000000042
000000000000007f
000000000000007d
000000000000007f
000000000000003d
0000000000000000
0000000000000000
0000000000000000
0000000000000000
0000000000000004
0000000000000006
0000000000000000
0000000000000000
0000000000000031
000000000000007e
000000000000007f
000000000000007e
000000000000007f
0000000000000077
000000000000007f
000000000000007f
0000000000000079
0000000000000000
0000000000000000
0000000000000003
0000000000000002
0000000000000001
0000000000000000
000000000000007d
000000000000007a
000000000000007f
000000000000007d
0000000000000000
0000000000000000
0000000000000000
0000000000000000
0000000000000000
0000000000000000
0000000000000005
0000000000000000
0000000000000001
0000000000000041
000000000000007f
000000000000007c
000000000000007f
000000000000007f
000000000000000c
000000000000007f
000000000000007a
000000000000007f
0000000000000012
0000000000000000
0000000000000005
0000000000000001
0000000000000074
000000000000007f
000000000000007f
000000000000007f
000000000000007f
0000000000000000
0000000000000004
0000000000000000
0000000000000000
0000000000000000
0000000000000000
0000000000000003
0000000000000000
0000000000000000
0000000000000003
0000000000000040
000000000000007e
000000000000007f
000000000000007d
0000000000000000
0000000000000003
0000000000000000
0000000000000003
0000000000000000
0000000000000000
0000000000000000
0000000000000001
0000000000000000
000000000000007f
0000000000000079
000000000000007f
0000000000000079
000000000000000a
0000000000000000
0000000000000000
0000000000000000
0000000000000000
0000000000000000
0000000000000000
0000000000000003
0000000000000000
0000000000000000
0000000000000003
0000000000000040
000000000000007e
000000000000007f
000000000000007d
0000000000000000
0000000000000002
0000000000000000
0000000000000000
0000000000000008
0000000000000000
0000000000000007
000000000000007e
000000000000007f
000000000000007d
000000000000007f
0000000000000000
0000000000000000
0000000000000000
0000000000000004
0000000000000000
0000000000000000
0000000000000000
0000000000000000
0000000000000000
0000000000000000
0000000000000005
0000000000000000
0000000000000001
0000000000000041
000000000000007f
000000000000007c
000000000000007f
000000000000007f
0000000000000000
0000000000000007
0000000000000000
0000000000000000
0000000000000004
0000000000000075
000000000000007e
000000000000007b
000000000000007c
000000000000007d
0000000000000000
0000000000000000
0000000000000003
0000000000000005
0000000000000000
0000000000000000
0000000000000000
0000000000000000
0000000000000000
0000000000000004
0000000000000006
0000000000000000
0000000000000000
0000000000000031
000000000000007e
000000000000007f
000000000000007e
000000000000007d
000000000000007f
000000000000007c
000000000000007e
000000000000007f
000000000000007b
000000000000007f
000000000000007f
000000000000007f
0000000000000002
0000000000000000
0000000000000000
0000000000000000
0000000000000000
0000000000000000
0000000000000002
0000000000000000
0000000000000000
0000000000000000
0000000000000000
0000000000000000
0000000000000000
0000000000000005
0000000000000001
0000000000000000
0000000000000053
000000000000007d
000000000000007f
000000000000007f
000000000000007a
000000000000007f
0000000000000077
000000000000007f
000000000000007f
0000000000000079
0000000000000076
0000000000000000
0000000000000008
0000000000000000
0000000000000000
0000000000000009
0000000000000000
0000000000000000
0000000000000001
0000000000000000
0000000000000000
0000000000000000
0000000000000000
0000000000000003
0000000000000000
0000000000000003
0000000000000000
0000000000000004
0000000000000000
000000000000000e
000000000000007c
000000000000007f
000000000000007f
000000000000007d
000000000000007d
000000000000007f
000000000000007a
0000000000000040
0000000000000001
0000000000000000
0000000000000000
0000000000000000
0000000000000000
0000000000000000
0000000000000000
0000000000000000
0000000000000000
0000000000000000
0000000000000000
0000000000000000
0000000000000000
0000000000000000
0000000000000000
0000000000000008
0000000000000000
0000000000000000
0000000000000004
0000000000000000
0000000000000009
0000000000000000
0000000000000003
0000000000000001
0000000000000000
0000000000000000
0000000000000005
0000000000000002
0000000000000000
0000000000000000
0000000000000000
0000000000000000
0000000000000000
0000000000000000
0000000000000000
0000000000000000
0000000000000000
0000000000000000
0000000000000000
0000000000000000
0000000000000000
0000000000000004
0000000000000000
0000000000000001
0000000000000000
0000000000000000
0000000000000004
0000000000000001
0000000000000000
0000000000000000
0000000000000000
0000000000000001
0000000000000002
0000000000000000
0000000000000000
0000000000000000
0000000000000005
0000000000000000
0000000000000000
0000000000000000
0000000000000000
0000000000000000
0000000000000000
0000000000000000
0000000000000000
0000000000000000
0000000000000000
0000000000000000
0000000000000000
0000000000000003
0000000000000000
0000000000000000
0000000000000009
0000000000000001
0000000000000000
0000000000000002
0000000000000003
0000000000000004
0000000000000000
0000000000000000
0000000000000002
0000000000000002
0000000000000000
0000000000000000
0000000000000000
0000000000000000
0000000000000000
0000000000000000
0000000000000000
0000000000000000
0000000000000000
0000000000000000
0000000000000000
0000000000000000
0000000000000000
0000000000000000
0000000000000000
