0000000000000000
0000000000000000
0000000000000000
0000000000000000
0000000000000000
0000000000000000
0000000000000000
0000000000000000
0000000000000000
0000000000000007
0000000000000000
0000000000000001
0000000000000000
0000000000000003
0000000000000000
0000000000000004
0000000000000002
0000000000000000
0000000000000001
0000000000000000
0000000000000000
0000000000000000
0000000000000000
0000000000000001
0000000000000000
0000000000000000
0000000000000000
0000000000000000
0000000000000000
0000000000000000
0000000000000000
0000000000000000
0000000000000000
0000000000000000
0000000000000000
0000000000000000
0000000000000000
0000000000000000
0000000000000000
0000000000000000
0000000000000002
0000000000000000
0000000000000006
0000000000000000
0000000000000000
0000000000000000
0000000000000005
0000000000000001
0000000000000000
0000000000000001
0000000000000000
0000000000000000
0000000000000000
0000000000000000
0000000000000000
0000000000000000
0000000000000000
0000000000000000
0000000000000000
0000000000000000
0000000000000000
0000000000000000
0000000000000000
0000000000000000
0000000000000004
0000000000000002
0000000000000003
0000000000000000
0000000000000000
0000000000000000
0000000000000003
0000000000000000
0000000000000007
0000000000000000
0000000000000000
0000000000000001
0000000000000000
0000000000000001
0000000000000000
0000000000000000
0000000000000000
0000000000000000
0000000000000000
0000000000000000
0000000000000000
0000000000000000
0000000000000000
0000000000000000
0000000000000000
0000000000000000
0000000000000000
0000000000000000
0000000000000000
0000000000000000
0000000000000000
0000000000000004
0000000000000000
0000000000000008
0000000000000000
0000000000000000
0000000000000000
0000000000000000
0000000000000004
0000000000000003
0000000000000000
0000000000000003
0000000000000001
0000000000000002
0000000000000000
0000000000000000
0000000000000000
0000000000000000
0000000000000000
0000000000000000
0000000000000000
0000000000000000
0000000000000000
0000000000000000
0000000000000000
0000000000000000
0000000000000000
0000000000000009
0000000000000000
0000000000000007
0000000000000001
0000000000000000
0000000000000007
0000000000000000
0000000000000005
0000000000000000
0000000000000000
0000000000000000
0000000000000000
0000000000000000
0000000000000000
0000000000000002
0000000000000000
0000000000000000
0000000000000000
0000000000000000
0000000000000000
0000000000000000
0000000000000000
0000000000000000
0000000000000000
0000000000000000
0000000000000000
0000000000000000
000000000000000a
0000000000000000
0000000000000000
0000000000000001
0000000000000000
0000000000000002
000000000000007b
000000000000007d
000000000000007e
000000000000007f
0000000000000076
000000000000002e
0000000000000000
0000000000000001
0000000000000005
0000000000000000
0000000000000000
0000000000000000
0000000000000000
0000000000000000
0000000000000000
0000000000000000
0000000000000000
0000000000000000
0000000000000000
0000000000000000
0000000000000000
0000000000000000
0000000000000000
0000000000000000
0000000000000004
0000000000000012
000000000000007f
000000000000007e
000000000000007a
000000000000007f
0000000000000056
000000000000001c
0000000000000000
0000000000000003
0000000000000005
0000000000000000
0000000000000000
0000000000000007
0000000000000000
0000000000000000
0000000000000000
0000000000000000
0000000000000000
0000000000000000
0000000000000000
0000000000000000
0000000000000000
0000000000000000
0000000000000000
0000000000000000
0000000000000001
0000000000000000
000000000000007f
000000000000007f
000000000000007d
0000000000000054
0000000000000003
0000000000000000
0000000000000003
0000000000000000
0000000000000002
0000000000000000
0000000000000000
0000000000000004
0000000000000001
0000000000000000
0000000000000000
0000000000000000
0000000000000000
0000000000000000
0000000000000000
0000000000000000
0000000000000000
0000000000000000
0000000000000000
0000000000000000
0000000000000000
0000000000000000
0000000000000000
000000000000007f
000000000000007f
0000000000000038
0000000000000000
0000000000000000
0000000000000000
0000000000000007
0000000000000005
0000000000000000
0000000000000003
0000000000000006
0000000000000000
0000000000000003
0000000000000000
0000000000000001
0000000000000000
0000000000000000
0000000000000000
0000000000000000
0000000000000000
0000000000000000
0000000000000000
0000000000000000
0000000000000000
0000000000000000
0000000000000000
0000000000000000
0000000000000003
000000000000007e
000000000000007b
000000000000000c
0000000000000002
0000000000000000
0000000000000001
0000000000000000
0000000000000000
000000000000000e
0000000000000000
0000000000000000
0000000000000004
0000000000000000
0000000000000000
0000000000000000
0000000000000000
0000000000000000
0000000000000000
0000000000000000
0000000000000000
0000000000000000
0000000000000000
0000000000000000
0000000000000000
0000000000000000
0000000000000000
0000000000000000
0000000000000000
000000000000007f
000000000000007a
0000000000000000
0000000000000000
0000000000000000
0000000000000007
0000000000000000
0000000000000002
0000000000000000
0000000000000000
0000000000000001
0000000000000001
0000000000000000
0000000000000008
0000000000000004
0000000000000000
0000000000000000
0000000000000000
0000000000000000
0000000000000000
0000000000000000
0000000000000000
0000000000000000
0000000000000000
0000000000000000
0000000000000000
0000000000000000
0000000000000000
000000000000007b
000000000000007f
0000000000000008
0000000000000001
0000000000000000
0000000000000000
0000000000000000
0000000000000000
0000000000000003
000000000000000c
0000000000000002
0000000000000000
0000000000000003
0000000000000000
0000000000000000
0000000000000000
0000000000000000
0000000000000000
0000000000000000
0000000000000000
0000000000000000
0000000000000000
0000000000000000
0000000000000000
0000000000000000
0000000000000000
0000000000000000
000000000000000a
0000000000000079
0000000000000075
0000000000000000
0000000000000000
0000000000000000
000000000000007f
0000000000000079
000000000000007f
0000000000000022
0000000000000000
0000000000000006
0000000000000000
0000000000000000
0000000000000000
0000000000000003
0000000000000000
0000000000000000
0000000000000000
0000000000000000
0000000000000000
0000000000000000
0000000000000000
0000000000000000
0000000000000000
0000000000000000
0000000000000000
0000000000000000
0000000000000000
0000000000000051
000000000000007f
0000000000000000
000000000000007f
000000000000007c
000000000000007f
000000000000004f
000000000000007e
000000000000007f
0000000000000007
0000000000000000
0000000000000009
0000000000000002
0000000000000000
0000000000000001
0000000000000000
0000000000000000
0000000000000000
0000000000000000
0000000000000000
0000000000000000
0000000000000000
0000000000000000
0000000000000000
0000000000000000
0000000000000000
0000000000000000
0000000000000000
0000000000000000
000000000000007f
000000000000007b
000000000000007f
0000000000000008
0000000000000000
0000000000000000
000000000000007f
000000000000007f
0000000000000000
0000000000000000
0000000000000000
0000000000000000
0000000000000008
0000000000000000
0000000000000000
0000000000000000
0000000000000000
0000000000000000
0000000000000000
0000000000000000
0000000000000000
0000000000000000
0000000000000000
0000000000000000
0000000000000000
0000000000000000
0000000000000003
0000000000000000
0000000000000000
0000000000000005
0000000000000000
0000000000000000
0000000000000005
0000000000000000
000000000000007d
000000000000007f
0000000000000000
0000000000000008
0000000000000000
0000000000000002
0000000000000000
0000000000000000
0000000000000000
0000000000000000
0000000000000000
0000000000000000
0000000000000000
0000000000000000
0000000000000000
0000000000000000
0000000000000000
0000000000000000
0000000000000000
0000000000000000
0000000000000000
0000000000000008
0000000000000000
0000000000000000
0000000000000000
0000000000000001
0000000000000000
0000000000000001
000000000000007f
0000000000000077
0000000000000000
0000000000000005
0000000000000000
0000000000000006
0000000000000002
0000000000000000
0000000000000000
0000000000000000
0000000000000000
0000000000000000
0000000000000000
0000000000000000
0000000000000000
0000000000000000
0000000000000000
0000000000000000
0000000000000000
0000000000000000
0000000000000000
0000000000000000
0000000000000001
0000000000000000
0000000000000003
0000000000000003
0000000000000000
0000000000000003
0000000000000072
000000000000007f
0000000000000000
0000000000000000
0000000000000003
0000000000000000
0000000000000000
0000000000000003
0000000000000000
0000000000000000
0000000000000000
0000000000000000
0000000000000000
0000000000000000
0000000000000000
0000000000000000
0000000000000000
0000000000000000
0000000000000000
0000000000000000
0000000000000000
0000000000000010
0000000000000000
0000000000000004
0000000000000000
0000000000000000
0000000000000005
0000000000000000
000000000000007f
000000000000007f
0000000000000005
0000000000000000
0000000000000000
0000000000000000
0000000000000000
0000000000000000
0000000000000000
0000000000000000
0000000000000000
0000000000000000
0000000000000000
0000000000000000
0000000000000000
0000000000000000
0000000000000000
0000000000000000
0000000000000000
0000000000000000
0000000000000002
0000000000000000
0000000000000009
0000000000000000
0000000000000003
0000000000000000
0000000000000001
0000000000000066
000000000000007d
000000000000006d
0000000000000000
0000000000000000
000000000000000a
0000000000000000
0000000000000004
0000000000000000
0000000000000000
0000000000000000
0000000000000000
0000000000000000
0000000000000000
0000000000000000
0000000000000000
0000000000000000
0000000000000000
0000000000000000
0000000000000000
0000000000000000
0000000000000000
0000000000000000
0000000000000004
0000000000000005
0000000000000000
0000000000000002
0000000000000000
000000000000007f
000000000000007c
0000000000000005
0000000000000009
0000000000000000
0000000000000000
0000000000000003
0000000000000001
0000000000000000
0000000000000000
0000000000000000
0000000000000000
0000000000000000
0000000000000000
0000000000000000
0000000000000000
0000000000000000
0000000000000000
0000000000000000
0000000000000000
0000000000000000
0000000000000006
0000000000000002
0000000000000001
0000000000000000
0000000000000006
0000000000000007
0000000000000007
000000000000007f
000000000000007f
0000000000000000
0000000000000000
0000000000000000
0000000000000008
0000000000000000
0000000000000000
0000000000000002
0000000000000000
0000000000000000
0000000000000000
0000000000000000
0000000000000000
0000000000000000
0000000000000000
0000000000000000
0000000000000000
0000000000000000
0000000000000000
0000000000000000
0000000000000022
0000000000000000
0000000000000000
0000000000000000
000000000000000e
0000000000000000
0000000000000075
000000000000007f
000000000000006b
0000000000000000
0000000000000004
0000000000000002
0000000000000000
0000000000000002
0000000000000000
0000000000000000
0000000000000000
0000000000000000
0000000000000000
0000000000000000
0000000000000000
0000000000000000
0000000000000000
0000000000000000
0000000000000000
0000000000000000
0000000000000000
0000000000000000
0000000000000057
000000000000007f
000000000000003d
0000000000000003
000000000000003c
000000000000007f
000000000000007f
000000000000007d
0000000000000001
0000000000000002
0000000000000000
0000000000000000
0000000000000000
0000000000000000
0000000000000004
0000000000000001
0000000000000000
0000000000000000
0000000000000000
0000000000000000
0000000000000000
0000000000000000
0000000000000000
0000000000000000
0000000000000000
0000000000000000
0000000000000000
0000000000000000
0000000000000000
0000000000000040
000000000000007f
000000000000007f
0000000000000079
000000000000007f
000000000000005b
0000000000000002
0000000000000000
0000000000000000
0000000000000000
0000000000000000
0000000000000000
0000000000000000
0000000000000000
0000000000000000
0000000000000000
0000000000000000
0000000000000000
0000000000000000
0000000000000000
0000000000000000
0000000000000000
0000000000000000
0000000000000000
0000000000000000
0000000000000000
0000000000000000
0000000000000000
0000000000000000
0000000000000001
0000000000000002
0000000000000000
0000000000000000
0000000000000009
0000000000000000
0000000000000000
0000000000000000
0000000000000000
0000000000000000
0000000000000000
0000000000000000
0000000000000000
0000000000000000
0000000000000000
0000000000000000
0000000000000000
0000000000000000
0000000000000000
0000000000000000
0000000000000000
0000000000000000
0000000000000000
0000000000000000
0000000000000000
0000000000000000
0000000000000004
0000000000000000
0000000000000000
0000000000000006
0000000000000002
0000000000000000
0000000000000000
0000000000000000
0000000000000000
0000000000000000
0000000000000000
0000000000000000
0000000000000000
0000000000000000
0000000000000000
0000000000000000
0000000000000000
0000000000000000
0000000000000000
0000000000000000
0000000000000000
0000000000000000
0000000000000000
0000000000000000
0000000000000000
0000000000000000
0000000000000000
0000000000000000
0000000000000001
0000000000000003
0000000000000001
0000000000000000
0000000000000000
0000000000000001
0000000000000001
0000000000000002
0000000000000000
0000000000000000
0000000000000000
0000000000000000
0000000000000000
0000000000000000
0000000000000000
0000000000000000
0000000000000000
0000000000000000
0000000000000000
0000000000000000
